dN_dKsi:
-0.394338, 0.394338, 0.105662, -0.105662
-0.105662, 0.105662, 0.394338, -0.394338
-0.394338, 0.394338, 0.105662, -0.105662
-0.105662, 0.105662, 0.394338, -0.394338
dN_dEta:
-0.394338, -0.105662, 0.105662, 0.394338
-0.394338, -0.105662, 0.105662, 0.394338
-0.105662, -0.394338, 0.394338, 0.105662
-0.105662, -0.394338, 0.394338, 0.105662
step: initial
100.000000 100.000000 100.000000 100.000000 100.000000 100.000000 100.000000 100.000000 100.000000 100.000000 100.000000 100.000000 100.000000 100.000000 100.000000 100.000000      
H:
16.666667 -4.166668 0.000000 0.000000 -4.166665 -8.333333 0.000000 0.000000 0.000000 0.000000 0.000000 0.000000 0.000000 0.000000 0.000000 0.000000
-4.166668 33.333333 -4.166666 0.000000 -8.333333 -8.333332 -8.333333 0.000000 0.000000 0.000000 0.000000 0.000000 0.000000 0.000000 0.000000 0.000000 
0.000000 -4.166666 33.333333 -4.166666 0.000000 -8.333333 -8.333334 -8.333333 0.000000 0.000000 0.000000 0.000000 0.000000 0.000000 0.000000 0.000000
0.000000 0.000000 -4.166666 16.666667 0.000000 0.000000 -8.333333 -4.166667 0.000000 0.000000 0.000000 0.000000 0.000000 0.000000 0.000000 0.000000
-4.166665 -8.333333 0.000000 0.000000 33.333333 -8.333335 0.000000 0.000000 -4.166666 -8.333333 0.000000 0.000000 0.000000 0.000000 0.000000 0.000000
-8.333333 -8.333332 -8.333333 0.000000 -8.333335 66.666667 -8.333332 0.000000 -8.333333 -8.333333 -8.333333 0.000000 0.000000 0.000000 0.000000 0.000000
0.000000 -8.333333 -8.333334 -8.333333 0.000000 -8.333332 66.666667 -8.333332 0.000000 -8.333333 -8.333335 -8.333333 0.000000 0.000000 0.000000 0.000000
0.000000 0.000000 -8.333333 -4.166667 0.000000 0.000000 -8.333332 33.333333 0.000000 0.000000 -8.333333 -4.166667 0.000000 0.000000 0.000000 0.000000 
0.000000 0.000000 0.000000 0.000000 -4.166666 -8.333333 0.000000 0.000000 33.333333 -8.333334 0.000000 0.000000 -4.166667 -8.333333 0.000000 0.000000
0.000000 0.000000 0.000000 0.000000 -8.333333 -8.333333 -8.333333 0.000000 -8.333334 66.666667 -8.333331 0.000000 -8.333333 -8.333335 -8.333333 0.000000
0.000000 0.000000 0.000000 0.000000 0.000000 -8.333333 -8.333335 -8.333333 0.000000 -8.333331 66.666667 -8.333331 0.000000 -8.333333 -8.333336 -8.333333
0.000000 0.000000 0.000000 0.000000 0.000000 0.000000 -8.333333 -4.166667 0.000000 0.000000 -8.333331 33.333333 0.000000 0.000000 -8.333333 -4.166668 
0.000000 0.000000 0.000000 0.000000 0.000000 0.000000 0.000000 0.000000 -4.166667 -8.333333 0.000000 0.000000 16.666667 -4.166667 0.000000 0.000000
0.000000 0.000000 0.000000 0.000000 0.000000 0.000000 0.000000 0.000000 -8.333333 -8.333335 -8.333333 0.000000 -4.166667 33.333333 -4.166665 0.000000
0.000000 0.000000 0.000000 0.000000 0.000000 0.000000 0.000000 0.000000 0.000000 -8.333333 -8.333336 -8.333333 0.000000 -4.166665 33.333333 -4.166665
0.000000 0.000000 0.000000 0.000000 0.000000 0.000000 0.000000 0.000000 0.000000 0.000000 -8.333333 -4.166668 0.000000 0.000000 -4.166665 16.666667
C:
674.074042 337.037021 0.000000 0.000000 337.037021 168.518511 0.000000 0.000000 0.000000 0.000000 0.000000 0.000000 0.000000 0.000000 0.000000 0.000000
337.037021 1348.148167 337.037063 0.000000 168.518511 674.074084 168.518531 0.000000 0.000000 0.000000 0.000000 0.000000 0.000000 0.000000 0.000000 0.000000
0.000000 337.037063 1348.148252 337.037064 0.000000 168.518531 674.074126 168.518532 0.000000 0.000000 0.000000 0.000000 0.000000 0.000000 0.000000 0.000000 
0.000000 0.000000 337.037064 674.074127 0.000000 0.000000 168.518532 337.037064 0.000000 0.000000 0.000000 0.000000 0.000000 0.000000 0.000000 0.000000
337.037021 168.518511 0.000000 0.000000 1348.148064 674.074032 0.000000 0.000000 337.037011 168.518506 0.000000 0.000000 0.000000 0.000000 0.000000 0.000000
168.518511 674.074084 168.518531 0.000000 674.074032 2696.296295 674.074115 0.000000 168.518506 674.074064 168.518526 0.000000 0.000000 0.000000 0.000000 0.000000
0.000000 168.518531 674.074126 168.518532 0.000000 674.074115 2696.296464 674.074117 0.000000 168.518526 674.074106 168.518527 0.000000 0.000000 0.000000 0.000000
0.000000 0.000000 168.518532 337.037064 0.000000 0.000000 674.074117 1348.148234 0.000000 0.000000 168.518527 337.037054 0.000000 0.000000 0.000000 0.000000 
0.000000 0.000000 0.000000 0.000000 337.037011 168.518506 0.000000 0.000000 1348.148006 674.074003 0.000000 0.000000 337.036992 168.518496 0.000000 0.000000
0.000000 0.000000 0.000000 0.000000 168.518506 674.074064 168.518526 0.000000 674.074003 2696.296178 674.074086 0.000000 168.518496 674.074025 168.518517 0.000000
0.000000 0.000000 0.000000 0.000000 0.000000 168.518526 674.074106 168.518527 0.000000 674.074086 2696.296348 674.074088 0.000000 168.518517 674.074068 168.518517
0.000000 0.000000 0.000000 0.000000 0.000000 0.000000 168.518527 337.037054 0.000000 0.000000 674.074088 1348.148176 0.000000 0.000000 168.518517 337.037034 
0.000000 0.000000 0.000000 0.000000 0.000000 0.000000 0.000000 0.000000 337.036992 168.518496 0.000000 0.000000 674.073984 337.036992 0.000000 0.000000
0.000000 0.000000 0.000000 0.000000 0.000000 0.000000 0.000000 0.000000 168.518496 674.074025 168.518517 0.000000 337.036992 1348.148050 337.037033 0.000000
0.000000 0.000000 0.000000 0.000000 0.000000 0.000000 0.000000 0.000000 0.000000 168.518517 674.074068 168.518517 0.000000 337.037033 1348.148135 337.037034 
0.000000 0.000000 0.000000 0.000000 0.000000 0.000000 0.000000 0.000000 0.000000 0.000000 168.518517 337.037034 0.000000 0.000000 337.037034 674.074069
HBC:
16.666667 -4.166668 0.000000 0.000000 -4.166665 -8.333333 0.000000 0.000000 0.000000 0.000000 0.000000 0.000000 0.000000 0.000000 0.000000 0.000000
-4.166668 33.333333 -4.166666 0.000000 -8.333333 -8.333332 -8.333333 0.000000 0.000000 0.000000 0.000000 0.000000 0.000000 0.000000 0.000000 0.000000
0.000000 -4.166666 33.333333 -4.166666 0.000000 -8.333333 -8.333334 -8.333333 0.000000 0.000000 0.000000 0.000000 0.000000 0.000000 0.000000 0.000000 
0.000000 0.000000 -4.166666 16.666667 0.000000 0.000000 -8.333333 -4.166667 0.000000 0.000000 0.000000 0.000000 0.000000 0.000000 0.000000 0.000000
-4.166665 -8.333333 0.000000 0.000000 33.333333 -8.333335 0.000000 0.000000 -4.166666 -8.333333 0.000000 0.000000 0.000000 0.000000 0.000000 0.000000
-8.333333 -8.333332 -8.333333 0.000000 -8.333335 66.666667 -8.333332 0.000000 -8.333333 -8.333333 -8.333333 0.000000 0.000000 0.000000 0.000000 0.000000
0.000000 -8.333333 -8.333334 -8.333333 0.000000 -8.333332 66.666667 -8.333332 0.000000 -8.333333 -8.333335 -8.333333 0.000000 0.000000 0.000000 0.000000
0.000000 0.000000 -8.333333 -4.166667 0.000000 0.000000 -8.333332 33.333333 0.000000 0.000000 -8.333333 -4.166667 0.000000 0.000000 0.000000 0.000000 
0.000000 0.000000 0.000000 0.000000 -4.166666 -8.333333 0.000000 0.000000 33.333333 -8.333334 0.000000 0.000000 -4.166667 -8.333333 0.000000 0.000000
0.000000 0.000000 0.000000 0.000000 -8.333333 -8.333333 -8.333333 0.000000 -8.333334 66.666667 -8.333331 0.000000 -8.333333 -8.333335 -8.333333 0.000000
0.000000 0.000000 0.000000 0.000000 0.000000 -8.333333 -8.333335 -8.333333 0.000000 -8.333331 66.666667 -8.333331 0.000000 -8.333333 -8.333336 -8.333333
0.000000 0.000000 0.000000 0.000000 0.000000 0.000000 -8.333333 -4.166667 0.000000 0.000000 -8.333331 33.333333 0.000000 0.000000 -8.333333 -4.166668
0.000000 0.000000 0.000000 0.000000 0.000000 0.000000 0.000000 0.000000 -4.166667 -8.333333 0.000000 0.000000 16.666667 -4.166667 0.000000 0.000000 
0.000000 0.000000 0.000000 0.000000 0.000000 0.000000 0.000000 0.000000 -8.333333 -8.333335 -8.333333 0.000000 -4.166667 33.333333 -4.166665 0.000000
0.000000 0.000000 0.000000 0.000000 0.000000 0.000000 0.000000 0.000000 0.000000 -8.333333 -8.333336 -8.333333 0.000000 -4.166665 33.333333 -4.166665
0.000000 0.000000 0.000000 0.000000 0.000000 0.000000 0.000000 0.000000 0.000000 0.000000 -8.333333 -4.166668 0.000000 0.000000 -4.166665 16.666667
P:
11999.999716 11999.999862 12000.000618 12000.000472 12000.000130 0.000000 0.000000 12000.000130 11999.999610 0.000000 0.000000 11999.999610 11999.999196 11999.999862 12000.000618 11999.999952