dN_dKsi:
-0.443649, 0.443649, 0.056351, -0.056351
-0.250000, 0.250000, 0.250000, -0.250000
-0.056351, 0.056351, 0.443649, -0.443649
-0.443649, 0.443649, 0.056351, -0.056351
dN_dEta:
-0.443649, -0.056351, 0.056351, 0.443649
-0.443649, -0.056351, 0.056351, 0.443649
-0.443649, -0.056351, 0.056351, 0.443649
-0.250000, -0.250000, 0.250000, 0.250000
step: initial
100.000000 100.000000 100.000000 100.000000 100.000000 100.000000 100.000000 100.000000 100.000000 100.000000 100.000000 100.000000 100.000000 100.000000 100.000000 100.000000 
H:
10.492193 -3.174346 0.000000 0.000000 -3.174344 -4.143503 0.000000 0.000000 0.000000 0.000000 0.000000 0.000000 0.000000 0.000000 0.000000 0.000000
-3.174346 17.406847 -3.174345 0.000000 -4.143503 -2.771150 -4.143503 0.000000 0.000000 0.000000 0.000000 0.000000 0.000000 0.000000 0.000000 0.000000
0.000000 -3.174345 17.406846 -3.174345 0.000000 -4.143503 -2.771151 -4.143503 0.000000 0.000000 0.000000 0.000000 0.000000 0.000000 0.000000 0.000000
0.000000 0.000000 -3.174345 6.914653 0.000000 0.000000 -4.143503 0.403195 0.000000 0.000000 0.000000 0.000000 0.000000 0.000000 0.000000 0.000000
-3.174344 -4.143503 0.000000 0.000000 17.406846 -2.771151 0.000000 0.000000 -3.174345 -4.143503 0.000000 0.000000 0.000000 0.000000 0.000000 0.000000
-4.143503 -2.771150 -4.143503 0.000000 -2.771151 27.658613 -2.771150 0.000000 -4.143503 -2.771151 -4.143503 0.000000 0.000000 0.000000 0.000000 0.000000 
0.000000 -4.143503 -2.771151 -4.143503 0.000000 -2.771150 27.658613 -2.771150 0.000000 -4.143503 -2.771151 -4.143503 0.000000 0.000000 0.000000 0.000000
0.000000 0.000000 -4.143503 0.403195 0.000000 0.000000 -2.771150 10.251766 0.000000 0.000000 -4.143503 0.403194 0.000000 0.000000 0.000000 0.000000
0.000000 0.000000 0.000000 0.000000 -3.174345 -4.143503 0.000000 0.000000 17.406846 -2.771151 0.000000 0.000000 -3.174345 -4.143503 0.000000 0.000000
0.000000 0.000000 0.000000 0.000000 -4.143503 -2.771151 -4.143503 0.000000 -2.771151 27.658613 -2.771149 0.000000 -4.143503 -2.771151 -4.143503 0.000000 
0.000000 0.000000 0.000000 0.000000 0.000000 -4.143503 -2.771151 -4.143503 0.000000 -2.771149 27.658613 -2.771149 0.000000 -4.143503 -2.771152 -4.143503
0.000000 0.000000 0.000000 0.000000 0.000000 0.000000 -4.143503 0.403194 0.000000 0.000000 -2.771149 10.251766 0.000000 0.000000 -4.143503 0.403194
0.000000 0.000000 0.000000 0.000000 0.000000 0.000000 0.000000 0.000000 -3.174345 -4.143503 0.000000 0.000000 6.914653 0.403195 0.000000 0.000000
0.000000 0.000000 0.000000 0.000000 0.000000 0.000000 0.000000 0.000000 -4.143503 -2.771151 -4.143503 0.000000 0.403195 10.251767 0.403195 0.000000 
0.000000 0.000000 0.000000 0.000000 0.000000 0.000000 0.000000 0.000000 0.000000 -4.143503 -2.771152 -4.143503 0.000000 0.403195 10.251767 0.403195
0.000000 0.000000 0.000000 0.000000 0.000000 0.000000 0.000000 0.000000 0.000000 0.000000 -4.143503 0.403194 0.000000 0.000000 0.403195 3.337113
C:
603.948560 238.507096 0.000000 0.000000 238.507096 94.189536 0.000000 0.000000 0.000000 0.000000 0.000000 0.000000 0.000000 0.000000 0.000000 0.000000
238.507096 796.038578 238.507125 0.000000 94.189536 314.365928 94.189548 0.000000 0.000000 0.000000 0.000000 0.000000 0.000000 0.000000 0.000000 0.000000 
0.000000 238.507125 796.038604 238.507126 0.000000 94.189548 314.365938 94.189548 0.000000 0.000000 0.000000 0.000000 0.000000 0.000000 0.000000 0.000000
0.000000 0.000000 238.507126 192.089968 0.000000 0.000000 94.189548 75.858812 0.000000 0.000000 0.000000 0.000000 0.000000 0.000000 0.000000 0.000000
238.507096 94.189536 0.000000 0.000000 796.038486 314.365892 0.000000 0.000000 238.507089 94.189533 0.000000 0.000000 0.000000 0.000000 0.000000 0.000000
94.189536 314.365928 94.189548 0.000000 314.365892 1049.224035 314.365930 0.000000 94.189533 314.365919 94.189545 0.000000 0.000000 0.000000 0.000000 0.000000
0.000000 94.189548 314.365938 94.189548 0.000000 314.365930 1049.224068 314.365931 0.000000 94.189545 314.365929 94.189545 0.000000 0.000000 0.000000 0.000000 
0.000000 0.000000 94.189548 75.858812 0.000000 0.000000 314.365931 253.185482 0.000000 0.000000 94.189545 75.858810 0.000000 0.000000 0.000000 0.000000
0.000000 0.000000 0.000000 0.000000 238.507089 94.189533 0.000000 0.000000 796.038446 314.365876 0.000000 0.000000 238.507075 94.189528 0.000000 0.000000
0.000000 0.000000 0.000000 0.000000 94.189533 314.365919 94.189545 0.000000 314.365876 1049.223982 314.365914 0.000000 94.189528 314.365901 94.189540 0.000000
0.000000 0.000000 0.000000 0.000000 0.000000 94.189545 314.365929 94.189545 0.000000 314.365914 1049.224015 314.365915 0.000000 94.189540 314.365911 94.189540 
0.000000 0.000000 0.000000 0.000000 0.000000 0.000000 94.189545 75.858810 0.000000 0.000000 314.365915 253.185470 0.000000 0.000000 94.189540 75.858806
0.000000 0.000000 0.000000 0.000000 0.000000 0.000000 0.000000 0.000000 238.507075 94.189528 0.000000 0.000000 192.089927 75.858796 0.000000 0.000000
0.000000 0.000000 0.000000 0.000000 0.000000 0.000000 0.000000 0.000000 94.189528 314.365901 94.189540 0.000000 75.858796 253.185458 75.858806 0.000000
0.000000 0.000000 0.000000 0.000000 0.000000 0.000000 0.000000 0.000000 0.000000 94.189540 314.365911 94.189540 0.000000 75.858806 253.185466 75.858806
0.000000 0.000000 0.000000 0.000000 0.000000 0.000000 0.000000 0.000000 0.000000 0.000000 94.189540 75.858806 0.000000 0.000000 75.858806 61.095515
HBC:
10.492193 -3.174346 0.000000 0.000000 -3.174344 -4.143503 0.000000 0.000000 0.000000 0.000000 0.000000 0.000000 0.000000 0.000000 0.000000 0.000000 
-3.174346 17.406847 -3.174345 0.000000 -4.143503 -2.771150 -4.143503 0.000000 0.000000 0.000000 0.000000 0.000000 0.000000 0.000000 0.000000 0.000000
0.000000 -3.174345 17.406846 -3.174345 0.000000 -4.143503 -2.771151 -4.143503 0.000000 0.000000 0.000000 0.000000 0.000000 0.000000 0.000000 0.000000
0.000000 0.000000 -3.174345 6.914653 0.000000 0.000000 -4.143503 0.403195 0.000000 0.000000 0.000000 0.000000 0.000000 0.000000 0.000000 0.000000
-3.174344 -4.143503 0.000000 0.000000 17.406846 -2.771151 0.000000 0.000000 -3.174345 -4.143503 0.000000 0.000000 0.000000 0.000000 0.000000 0.000000 
-4.143503 -2.771150 -4.143503 0.000000 -2.771151 27.658613 -2.771150 0.000000 -4.143503 -2.771151 -4.143503 0.000000 0.000000 0.000000 0.000000 0.000000
0.000000 -4.143503 -2.771151 -4.143503 0.000000 -2.771150 27.658613 -2.771150 0.000000 -4.143503 -2.771151 -4.143503 0.000000 0.000000 0.000000 0.000000
0.000000 0.000000 -4.143503 0.403195 0.000000 0.000000 -2.771150 10.251766 0.000000 0.000000 -4.143503 0.403194 0.000000 0.000000 0.000000 0.000000
0.000000 0.000000 0.000000 0.000000 -3.174345 -4.143503 0.000000 0.000000 17.406846 -2.771151 0.000000 0.000000 -3.174345 -4.143503 0.000000 0.000000
0.000000 0.000000 0.000000 0.000000 -4.143503 -2.771151 -4.143503 0.000000 -2.771151 27.658613 -2.771149 0.000000 -4.143503 -2.771151 -4.143503 0.000000 
0.000000 0.000000 0.000000 0.000000 0.000000 -4.143503 -2.771151 -4.143503 0.000000 -2.771149 27.658613 -2.771149 0.000000 -4.143503 -2.771152 -4.143503
0.000000 0.000000 0.000000 0.000000 0.000000 0.000000 -4.143503 0.403194 0.000000 0.000000 -2.771149 10.251766 0.000000 0.000000 -4.143503 0.403194
0.000000 0.000000 0.000000 0.000000 0.000000 0.000000 0.000000 0.000000 -3.174345 -4.143503 0.000000 0.000000 6.914653 0.403195 0.000000 0.000000
0.000000 0.000000 0.000000 0.000000 0.000000 0.000000 0.000000 0.000000 -4.143503 -2.771151 -4.143503 0.000000 0.403195 10.251767 0.403195 0.000000
0.000000 0.000000 0.000000 0.000000 0.000000 0.000000 0.000000 0.000000 0.000000 -4.143503 -2.771152 -4.143503 0.000000 0.403195 10.251767 0.403195 
0.000000 0.000000 0.000000 0.000000 0.000000 0.000000 0.000000 0.000000 0.000000 0.000000 -4.143503 0.403194 0.000000 0.000000 0.403195 3.337113
P:
11999.999716 11999.999862 12000.000618 12000.000472 12000.000130 0.000000 0.000000 12000.000130 11999.999610 0.000000 0.000000 11999.999610 11999.999196 11999.999862 12000.000618 11999.999952